95      0.00996667	0.000996667
950     0.123267	0.00123267
4750    0.699033	0.00139807
9500    1.53677	0.00153677
47500   9.7607  0.00195214
95000   21.4078 0.00214078
190000  46.1421 0.00230711
285000  76.4585 0.00254862
380000  100.7   0.00251749
475000  145.876 0.00291752
570000  170.186 0.00283643
665000  190.991 0.00272844
760000  214.907 0.00268634
855000  256.828 0.00285364
950000  272.823 0.00272823
1140000 334.844 0.00279036
1330000 394.524 0.00281803
1520000 428.028 0.00267517
1710000 477.185 0.00265103
1900000 539.942 0.00269971
2090000 599.886 0.00272675
2280000 671.413 0.00279756
2470000 712.581 0.0027407
2660000 770.953 0.0027534
2850000 829.11  0.0027637
3040000 896.38  0.00280119
3230000 976.634 0.00287245
3420000 1028.39 0.00285663
3610000 1099.2  0.00289263
3800000 1148.28 0.0028707
3990000 1217.93 0.00289983
4180000 1286.41 0.00292365
4370000 1355.83 0.00294746
4560000 1408.04 0.00293342
4750000 1480.99 0.00296197
5225000 1648.11 0.00299656
5700000 1851.4  0.00308567
6175000 2119.75 0.00326116