95      0.0014  0.00014
950     0.0163333       0.000163333
4750    0.0877  0.0001754
9500    0.183433        0.000183433
47500   1.0811  0.00021622
95000   2.1775  0.00021775
190000  4.6283  0.000231415
285000  8.45357 0.000281786
380000  9.18167 0.000229542
475000  12.4596 0.000249193
570000  14.95   0.000249167
665000  18.2016 0.000260023
760000  19.7986 0.000247483
855000  25.0632 0.00027848
950000  24.8887 0.000248887
1140000 31.0701 0.000258918
1330000 37.4499 0.0002675
1520000 40.5192 0.000253245
1710000 50.1258 0.000278477
1900000 54.9211 0.000274605
2090000 57.0348 0.000259249
2280000 62.6647 0.000261103
2470000 71.083  0.000273396
2660000 75.6649 0.000270232
2850000 84.2302 0.000280767
3040000 81.7228 0.000255384
3230000 94.1706 0.000276972
3420000 102.627 0.000285076
3610000 112.201 0.000295267
3800000 102.298 0.000255746
3990000 106.099 0.000252616
4180000 118.501 0.000269321
4370000 124.336 0.000270296
4560000 128.254 0.000267196
4750000 134.021 0.000268043
5225000 158.539 0.000288253
5700000 168.847 0.000281412
6175000 189.233 0.000291127