95      0.00843333      0.000843333
9500    0.767033        0.000767033
47500   3.8437  0.00076874
95000   7.63103 0.000763103
475000  39.423  0.000788461
950000  79.5259 0.000795259
1425000 118.096 0.000787304
1900000 154.111 0.000770555
2375000 193.45  0.000773802
2850000 234.353 0.000781175
3325000 277.62  0.000793199
3800000 312.601 0.000781502
4275000 352.121 0.000782491
4750000 394.245 0.00078849
5225000 436.306 0.000793283
5700000 481.979 0.000803298
6175000 515.756 0.00079347
6650000 565.365 0.000807664